100 100
aACcbbCBAACBCBCCBCcbCcABbacacCCcBCbaBCbaACbCcBCaBbAaABaCbbbAbabcaBAAacaaBAAbccBCbaCcCcAaBbABaBbcCcBa
2 3 21 C
1 11 87 B
2 10 30 c
1 12 50 b
1 26 81 C
3 5 51
3 15 47
3 14 64
2 25 55 C
1 23 62 a
3 6 100
3 26 29
2 6 46 C
3 29 100
2 6 50 b
3 32 97
1 32 54 A
2 28 56 a
2 15 46 a
1 14 59 c
1 15 17 B
1 32 61 A
1 29 81 a
3 23 55
2 9 65 b
2 4 48 c
2 33 97 B
2 11 89 C
3 14 88
3 29 78
2 11 75 b
1 33 60 c
3 14 20
2 21 99 B
2 25 50 C
2 1 20 b
3 10 57
1 31 100 b
3 10 72
1 24 85 B
3 18 80
3 24 65
3 10 70
3 33 91
2 33 93 A
3 4 39
3 1 9
1 1 59 A
2 23 42 B
1 8 25 c
2 20 66 b
2 12 19 A
2 6 13 A
3 2 29
1 2 29 A
1 24 57 A
2 20 51 a
3 6 67
1 2 35 a
1 15 42 C
2 33 71 A
1 9 40 c
1 1 48 b
2 13 26 C
2 33 33 a
1 4 62 a
2 5 26 b
3 28 38
3 9 68
1 2 35 a
3 30 71
3 17 78
2 24 51 B
2 21 92 a
3 9 43
3 14 72
3 31 71
2 11 83 C
3 19 70
3 33 78
3 29 73
1 12 77 B
1 14 52 c
3 30 63
1 31 62 A
2 19 82 b
3 15 62
3 22 83
3 9 63
1 31 81 b
2 18 43 c
3 30 83
1 29 79 B
1 11 67 a
3 4 33
1 27 92 c
3 33 39
1 32 97 b
2 8 83 a
2 29 84 B
